proper,mag,x,y,z
Sol,-26.700,0.000005,0.000000,0.000000
Alpheratz,2.070,25.974572,0.951042,14.461264
Caph,2.280,8.600014,0.344589,14.409503
Algenib,2.830,115.664183,6.687324,31.442127
Ankaa,2.400,19.083654,2.198282,-17.483284
Shedir,2.240,37.984817,6.784483,58.379619
Diphda,2.040,27.583638,5.310463,-9.119792
96 G. Psc,5.740,7.258368,1.555495,0.686093
Van Maanen's Star,12.370,4.146957,0.903519,0.400348
Cih,2.150,79.836717,20.168018,146.837047
Mirach,2.070,46.946371,14.741814,35.255129
Ruchbah,2.660,14.082378,5.534130,26.457567
Achernar,0.450,21.065573,9.568417,-35.951967
Sheratan,2.640,14.752622,8.063457,6.389157
Almaak,2.100,76.368059,45.840864,81.131974
Hamal,2.010,15.731986,9.751722,8.033610
Mira,6.470,75.131148,52.288786,-4.761374
Polaris,1.970,1.343100,1.047629,132.614909
268 G. Cet,5.790,5.538462,4.488223,0.861013
Acamar,2.880,26.857490,26.453029,-31.974932
Menkar,2.540,53.342561,54.414384,5.448321
Algol,2.090,14.189428,15.238793,18.072114
82 G. Eri,4.260,2.839238,3.381499,-4.127499
Mirphak,1.790,62.885098,77.880689,118.708804
Alcyone,2.850,61.664507,94.489136,50.483636
Zaurak,2.970,30.760217,52.235828,-14.563080
Aldebaran,0.870,7.027220,18.287604,5.806661
Hassaleh,2.690,34.378539,121.884168,82.763748
Cursa,2.780,6.156194,26.585876,-2.429001
Kapteyn's Star,8.860,0.578997,2.705174,-2.768220
Rigel,0.180,51.601106,256.709905,-37.740051
Capella,0.080,1.712633,8.954439,9.440007
Bellatrix,1.640,11.658576,76.036136,8.560120
Alnath,1.650,5.281578,35.650400,19.655456
Nihal,2.810,6.349344,45.531613,-17.425966
Mintaka,2.250,25.868117,210.729667,-1.108306
Arneb,2.580,76.877195,643.047236,-208.208000
Hatsya,2.750,76.014147,706.411475,-73.546040
Alnilam,1.690,62.775122,602.666910,-12.712683
Phakt,2.650,5.885917,66.110037,-44.893180
Alnitak,1.740,18.918488,224.809409,-7.651875
Saiph,2.070,10.444137,195.314937,-33.326707
Betelgeuse,0.450,3.189296,151.364387,19.682142
Menkalinan,1.900,0.036195,17.601288,17.569058
Red Rectangle,8.850,-37.678828,431.315480,-81.318571
Mirzam,1.980,-14.209731,142.995999,-46.568852
Canopus,-0.620,-5.992679,57.132034,-75.396105
Alhena,1.930,-5.266162,31.714389,9.461403
Sirius,-1.440,-0.494323,2.476731,-0.758485
Adhara,1.500,-27.497987,105.141608,-60.171969
Wezen,1.830,-129.733458,421.761488,-218.979855
Aludra,2.450,-190.762166,496.337122,-298.432917
Gomeisa,2.890,-18.209817,45.556204,7.147858
Luyten's Star,9.840,-1.409549,3.514856,0.346358
Castor,1.580,-5.311938,12.130011,8.238737
Procyon,0.400,-1.469312,3.176170,0.320024
Pollux,1.160,-4.055465,8.195180,4.867171
Naos,2.210,-130.674899,218.376203,-213.564535
Avior,1.860,-54.837080,76.515238,-159.872623
Miaplacidus,1.670,-8.980712,8.001552,-32.546536
Tureis,2.210,-90.887872,78.251756,-201.791538
Alphard,1.990,-43.003468,33.722848,-8.322089
Ras Elased Australis,2.970,-57.700126,38.244772,30.494289
Regulus,1.360,-21.018857,11.132218,5.041397
Algieba,2.010,-34.002797,15.860719,13.538740
Merak,2.340,-13.103033,3.398358,20.360601
Lalande 21185,7.490,-1.998000,0.504305,1.495504
Dubhe,1.810,-17.298705,4.334880,33.191332
Zosma,2.560,-16.442201,3.337108,6.280742
Denebola,2.140,-10.633926,0.508011,2.767546
Groombridge 1830,6.420,-7.187679,0.220247,5.561623
Phad,2.410,-15.094867,0.406425,20.552678
Megrez,3.320,-13.402309,-0.903455,20.710384
Gienah Ghurab,2.580,-44.805937,-3.095058,-14.197066
Acrux,0.770,-44.363755,-5.171957,-88.034513
3C 273,12.880,-99130.706060,-12660.058622,3581.344963
Algorab,2.940,-25.316094,-3.317674,-7.570570
Gacrux,1.590,-14.606901,-1.998688,-22.800748
Kraz,2.650,-40.529889,-6.127261,-17.735390
Porrima,2.740,-11.488622,-2.111702,-0.295552
Becrux,1.250,-42.168771,-8.909619,-73.723149
Alioth,1.760,-13.775959,-3.309169,20.972944
Cor Caroli,2.890,-26.795114,-6.684223,21.824384
Vindemiatrix,2.850,-31.782664,-8.840495,6.388060
Mizar,2.230,-14.115808,-5.413302,21.531272
Spica,0.980,-69.990853,-27.285826,-14.821760
Alcor,3.990,-13.393436,-5.223608,20.521915
Alkaid,1.850,-18.529548,-9.394541,24.164506
Mufrid,2.680,-9.487671,-5.188142,3.596709
Hadar,0.610,-50.954051,-30.562870,-104.478695
Thuban,3.670,-34.416017,-20.758849,83.796391
Menkent,2.060,-12.358808,-7.624204,-10.694288
Arcturus,-0.050,-8.823448,-5.932531,3.698938
Proxima Centauri,11.010,-0.472264,-0.361451,-1.151219
Rigil Kentaurus,-0.010,-0.495203,-0.414084,-1.156625
Izar,2.350,-41.582771,-36.462926,28.269741
Kochab,2.070,-8.058164,-7.429707,38.619407
Zubenelgenubi,2.750,-16.408581,-15.151818,-6.421874
Zubeneschemali,2.610,-36.549398,-42.420251,-9.252607
Alphekka,2.220,-12.176093,-16.558746,10.343974
Unukalhai,2.630,-12.578600,-18.695648,2.537718
Dschubba,2.290,-69.332609,-120.492107,-57.928452
Graffias,2.560,-55.881427,-102.320756,-41.986040
Antares,1.060,-58.542602,-140.307591,-75.574766
Kornephoros,2.780,-15.155861,-36.689058,15.628430
Atria,1.910,-13.127447,-40.804561,-111.826781
Rasalgethi,2.780,-20.995512,-104.709944,27.400863
Rastaban,2.790,-9.169333,-70.678899,92.218765
Shaula,1.620,-16.048583,-138.749793,-105.649898
Rasalhague,2.080,-1.587067,-14.453242,3.239454
Sargas,1.860,-6.654055,-67.016643,-62.796539
Cebalrai,2.760,-1.802333,-24.949291,1.998237
Etamin,2.240,-0.436154,-29.451035,37.014357
Barnard's Star,9.540,-0.017373,-1.816613,0.149123
Nash,2.980,0.648969,-25.602281,-15.040072
Kaus Meridionalis,2.720,8.460232,-92.098382,-53.027575
Kaus Australis,1.790,3.817188,-36.057831,-24.812975
Kaus Borealis,2.820,2.635486,-21.487046,-10.289309
Vega,0.030,0.960565,-5.908009,4.809731
Sheliak,3.520,53.408840,-240.514817,162.223134
Nunki,2.050,14.950858,-60.794062,-30.937099
Albaldah,2.880,43.714239,-139.143552,-56.055078
Albireo,3.050,45.350466,-108.518380,62.430012
Campbell's Hydrogen Star,10.000,34611.284098,-78889.844899,50778.453408
Tarazed,2.720,53.215608,-106.431852,22.297682
Altair,0.760,2.355468,-4.487300,0.790749
Alshain,3.710,6.563854,-11.925647,1.528534
Cygnus X-1,8.840,240.174990,-422.950898,343.128080
Sadr,2.230,249.318228,-348.795593,363.040966
Peacock,1.940,17.850262,-24.200974,-45.841245
Deneb,1.250,197.250632,-232.113407,307.600832
Gienah,2.480,12.262597,-13.834612,12.455654
Lacaille 8760,6.690,2.330004,-2.003156,-2.476477
Alderamin,2.450,5.276111,-4.483201,13.348778
Sadalsuud,2.900,130.759282,-98.929336,-15.993766
Enif,2.380,172.769915,-116.330918,36.257820
Sadalmelik,2.950,140.987693,-76.722268,-0.896054
Alnair,1.730,18.672505,-9.904001,-22.635193
Kruger 60,9.590,1.968033,-0.835470,3.381486
Matar,2.930,53.599160,-18.717064,33.070991
Babcock's star,8.830,53443.383418,-18369.410721,82500.724352
Fomalhaut,1.170,6.450517,-1.799476,-3.807757
Scheat,2.440,51.433435,-12.877612,28.290136
Markab,2.490,38.311434,-9.417123,10.722722
Lacaille 9352,7.350,2.581532,-0.621353,-1.918773
p Eridani,5.800,4.110128,1.912046,-6.770100
